# x y width 
0.92 0.23 3.97
2.12 0.32 3.81
3.32 0.37 3.79
4.43 0.27 3.97
5.27 0.48 4.37
6.85 0.03 3.59
8.24 -0.14 3.87
9.36 -0.35 3.82
10.28 -0.48 3.79
11.12 -0.71 3.92
12.22 -1 3.83
13.2 -1.48 3.62
14.2 -1.87 3.65
15.23 -2.62 3.29
16.3 -3.61 3.77
17.29 -4.48 3.71
18.02 -5.48 3.51
18.8 -6.59 3.86
19.17 -6.99 3.79
19.62 -8.07 3.24
19.69 -8.82 3.11
19.19 -9.68 2.74
18.89 -10.21 3.11
18.18 -11.34 3.21
17.58 -12.08 3.01
16.81 -13.31 3.2
15.23 -15.12 3.64
14.9 -16.09 4.14
14.34 -17.3 4.06
14.53 -18.51 3.4
14.63 -19.47 3.77
14.89 -20.34 3.54
15.31 -21.37 3.72
15.71 -22.52 3.75
16.16 -23.77 3.77
16.62 -25.1 3.77
16.92 -26.31 3.62
17.22 -27.57 3.71
17.42 -29.11 3.48
17.1 -30.47 3.3
16.56 -31.47 4.55
15.92 -32.19 4.27
15.14 -32.73 4.17
14.16 -33.55 4.17
13.11 -34.06 3.78
12.08 -34.69 3.72
11.37 -35.4 3.71
10.16 -37.01 4.49
9.48 -38 4.26
9.02 -39.55 3.72
8.58 -41.23 4.18
8.31 -42.75 3.96
7.99 -44.28 3.93
7.71 -45.74 3.91
7.34 -47.26 3.82
6.91 -48.44 4.11
6.23 -49.6 3.7
5.23 -50.3 3.35
4.32 -50.73 4.06
3.13 -51.19 3.84
1.9 -51.65 3.91
0.73 -51.93 3.67
-0.57 -51.88 3.37
-1.64 -51.69 3.95
-2.68 -51.28 3.6
-3.35 -50.78 4
-4.47 -49.96 3.82
-5.01 -48.99 3.46
-5.55 -48.11 3.8
-5.83 -46.68 3.17
-6.03 -45.62 3.45
-6.33 -44.22 3.5
-6.56 -42.92 3.54
-6.93 -41.29 3.62
-7.3 -39.6 3.59
-7.66 -37.99 3.6
-8 -36.38 3.64
-8.25 -35.21 3.64
-8.07 -34.17 4.28
-7.92 -32.95 4.09
-7.23 -31.82 3.58
-6.43 -31.07 4.49
-5.26 -30.46 3.67
-4.23 -29.86 3.66
-2.84 -29.17 3.52
-1.55 -28.79 3.79
-0.16 -28.3 3.71
1.16 -27.91 3.77
2.52 -27.38 3.94
3.56 -26.68 3.55
4.18 -25.88 3.48
4.71 -24.36 4.59
5.19 -23.18 4.35
5.07 -21.87 3.62
4.47 -20.73 3.46
4.03 -19.81 3.81
3.23 -18.99 3.37
2.23 -17.67 3.29
1.39 -16.68 3.28
0.41 -15.96 3.04
-0.65 -15.36 3.58
-0.81 -14.82 2.94
-1.77 -14.05 2.44
-2.87 -13.14 2.97
-3.83 -12.63 2.6
-4.64 -11.99 2.79
-5.98 -10.95 2.58
-7.1 -10.05 2.61
-7.88 -9.33 2.42
-8.59 -8.41 2.2
-8.52 -7.81 3.03
-8.55 -7.41 2.88
-9.1 -6.69 3.92
-9 -6.02 3.56
-8.88 -5.45 3.95
-8.76 -4.68 3.96
-8.65 -4.27 4
-8.01 -2.9 3.59
-6.98 -2.04 3.39
-6.11 -1.5 4.31
-4.71 -0.93 4.03
-3.43 -0.49 4.37
-2.13 -0.21 4.15
-0.63 0.13 4.22
0.92 0.23 3.82
